Lista initiala arata asa: 
4567 Ionescu Ionel 7.6 8 5
8012 Popescu Daniel 4.5 6 12
1234 Precup Serban 8.7 9 2

Studentii sortati dupa nota la Examen:
1234 Precup Serban 8.7 9 2
4567 Ionescu Ionel 7.6 8 5
8012 Popescu Daniel 4.5 6 12

Studentii sortati dupa nota la Examen care au sub 11 absente:
1234 Precup Serban 8.7 9 2
4567 Ionescu Ionel 7.6 8 5
